kinematics:
  shoulder:
    x: 0
    y: 0
    z: 0.16268854422734408
    roll: -0
    pitch: 0
    yaw: 1.9108386171973194e-08
  upper_arm:
    x: 0.00020935855650798348
    y: 0
    z: 0
    roll: 1.5708011837518978
    pitch: 0
    yaw: 2.7342832604977526e-06
  forearm:
    x: -0.42516064416099669
    y: 0
    z: 0
    roll: 3.1414579472239006
    pitch: -3.1405604194377332
    yaw: -3.1415831624253725
  wrist_1:
    x: -0.3923281668580188
    y: -0.0013841407089066244
    z: 0.13329188690586719
    roll: 0.010383910019456261
    pitch: 0.00019932211433468613
    yaw: -1.3545013815254835e-05
  wrist_2:
    x: 4.8276473597453582e-05
    y: -0.09965771970252911
    z: 0.00010486444895984846
    roll: 1.5697440810625023
    pitch: 0
    yaw: -4.0116839928119879e-07
  wrist_3:
    x: 1.8323592983427567e-06
    y: 0.099511401218913872
    z: 0.00013919854258517139
    roll: 1.5721951459260757
    pitch: 3.1415926535897931
    yaw: -3.141592580300649
  hash: calib_9436408379734865131